adja       = 12.57402630;
beta       =  0.99369054;
delta      =  0.01274146;
eta        =  0.00245110;
gamma      =  0.00468970;
psi        =  2.50000000;
sigma      =  1.00000100;
theta      =  0.33333333;
ewedges    =  1.13902008;
lwedges    =  1.00000000;
xwedges    =  1.00000000;
gwedges    =  0.13475025;
ks         = 11.50990353;
hs         =  0.24279310;
ys         =  1.00087421;
gdps       =  1.00087421;
